BANK ID,Account Number,Account Type,Balance,Start Date,End Date,Transaction Type,Transaction Date,Transaction Amount,Transaction ID, Transaction Description
1234567,555555555,CHECKING,1000.07,2017-01-01,2017-10-22,DEBIT,2017-01-01,-22.50,1,BP Gas Station
1234567,555555555,CHECKING,990.50,2017-01-01,2017-10-22,DEBIT,2017-01-01,-9.57,2,Jewel Osco
1234567,555555555,CHECKING,811.12,2017-01-01,2017-10-22,DEBIT,2017-01-03,-179.38,3,iTunes Purchase
1234567,555555555,CHECKING,702.76,2017-01-01,2017-10-22,DEBIT,2017-01-03,-108.36,4,Walgreens
1234567,555555555,CHECKING,689.85,2017-01-01,2017-10-22,DEBIT,2017-01-03,-12.91,5,Movie Theatre
1234567,555555555,CHECKING,555.32,2017-01-01,2017-10-22,DEBIT,2017-01-03,-134.53,6,AT&T
1234567,555555555,CHECKING,430.54,2017-01-01,2017-10-22,DEBIT,2017-01-03,-124.79,7,Internet
1234567,555555555,CHECKING,420.69,2017-01-01,2017-10-22,DEBIT,2017-01-04,-9.85,7,Chipotle – Streamwood
1234567,555555555,CHECKING,412.54,2017-01-01,2017-10-22,DEBIT,2017-01-04,-8.15,7,Chipotle – Naperville